0.0019129568,2.218137e-09,0.27479295
0.0022590069,9.9823406e-11,0.10774603
0.0030398208,3.6567513e-07,0.96307671
0.01181069,4.4870065e-07,0.99895236
0.015413148,6.7657119e-13,0.082239328
0.020851461,9.1187315e-10,0.99771684
1094.2119,1.0762354e-10,0.13732895
1108.6097,1.1369775e-10,0.13748675
1851.2075,2.971728e-10,0.17433563
2276.332,3.3922933e-10,0.16708094
2928.738,5.9994124e-10,0.20165834
3910.6149,1.444541e-09,0.22018111
4023.4352,7.3168672e-10,0.22543105
4402.5939,7.047209e-10,0.22198059
4520.5671,2.0324862e-09,0.22219562
6579.8037,2.5722327e-09,0.26073476
6691.2596,3.4792619e-09,0.25840307
6907.9924,9.9936037e-10,0.25941547
6960.9888,4.0740409e-09,0.26039708
7036.9785,5.0944231e-09,0.256208
7103.7635,2.5120156e-07,0.9998334
7390.6231,1.4375933e-07,0.99992478
8621.9965,4.6695177e-09,0.27944272
8687.3282,3.6880701e-07,0.99972708
8885.2744,1.2266808e-07,0.9998445
9501.7849,4.1976665e-09,0.27955284
9797.2502,4.9617662e-09,0.28504633
9867.3001,6.2319452e-06,0.99956538
10049.525,3.2586049e-09,0.2848214
10119.919,3.1873293e-07,0.99985038
10280.625,3.4790795e-06,0.99974716
10422.996,1.0511251e-08,0.29923014
10570.47,4.2331945e-06,0.99924225
10584.415,1.0549666e-09,0.2862008
10768.121,3.5578799e-07,0.99975146
10817.429,2.9516145e-07,0.99972842
10911.016,7.5638864e-07,0.99976331
10983.444,2.1377991e-07,0.999732
11110.523,7.629381e-07,0.99976992
11193.033,6.2214472e-07,0.99975686
11205.931,5.3179643e-07,0.99976654
11264.822,5.0599843e-07,0.99971828
11385.718,3.4905848e-07,0.99977584
11515.302,3.3031568e-07,0.99972414
11521.319,6.5851289e-07,0.99972799
11596.906,3.8820497e-07,0.99973301
11757.296,3.9767191e-07,0.99873333
11797.962,1.086438e-08,0.30221405
11817.935,6.0836676e-07,0.99411789
11902.37,8.0946853e-07,0.99965415
12001.64,4.7379434e-09,0.31606645
12030.025,5.278276e-07,0.99253944
12095.605,3.0091005e-07,0.99965546
12122.556,3.0686562e-07,0.99921486
12185.241,6.4158978e-07,0.99966451
12245.865,4.0360409e-07,0.99970835
12320.334,7.1966666e-07,0.99962959
12498.356,4.3484896e-07,0.99963
12533.277,4.8511404e-07,0.99560404
12544.389,6.3673668e-09,0.30054255
12586.94,4.0069994e-07,0.99936796
12757.875,1.8479065e-08,0.37263562
12774.049,7.5416515e-07,0.94029064
12818.151,3.9217569e-07,0.9996668
13593.261,9.1114375e-09,0.28763003
13823.558,5.0189716e-09,0.27759116
14369.349,2.17366e-09,0.2886766
14570.149,1.089442e-08,0.27942696
14640.213,1.6744078e-07,0.99916056
14861.173,3.2991853e-09,0.28865423
14929.48,7.1485966e-07,0.99853246
15374.891,2.5703141e-09,0.28693484
15477.946,6.2429988e-09,0.29221297
15526.055,5.292222e-07,0.99659263
15713.401,4.166745e-07,0.99871882
15751.864,6.8632404e-09,0.33016436
15770.192,5.84084e-07,0.97413272
15873.275,4.1422888e-07,0.99937716
15925.486,1.0225247e-06,0.99954157
16008.211,2.6338385e-06,0.99960267
16040.552,6.1793731e-06,0.99945198
16157.311,9.5770106e-07,0.99919646
16210.181,1.0551814e-06,0.99940403
16234.702,6.8484786e-07,0.99962105
16243.526,1.1386002e-06,0.99953561
16322.909,6.1245726e-07,0.99952842
16473.397,5.0522949e-07,0.99920095
16498.547,1.7265571e-06,0.99912353
16544.881,7.5273723e-07,0.99858275
16567.551,2.4551669e-09,0.26628698
16742.526,1.3226698e-06,0.99958325
16804.864,1.472289e-06,0.99949376
16853.563,5.6373462e-06,0.99947088
16980.394,3.1409544e-07,0.99947365
17068.261,5.7944601e-07,0.99958221
17277.094,8.2366438e-07,0.99954584
17306.138,4.0074907e-07,0.99881193
17346.62,4.2939212e-07,0.99802401
17360.897,4.0959942e-09,0.26778462
17541.878,6.4893692e-07,0.99946755
17624.55,2.166984e-06,0.99950751
17811.992,1.4728498e-06,0.99949422
17872.804,3.3099982e-07,0.9994566
18162.658,2.0444545e-07,0.99951385
18248.064,2.1991742e-07,0.99943821
18269.416,9.4108568e-07,0.99942483
18372.814,7.1625715e-07,0.99940285
18520.334,4.4100844e-07,0.99945366
18600.652,7.6980362e-07,0.99946221
18670.721,5.9321492e-07,0.99942557
18792,2.8387925e-07,0.99942023
19131.139,5.4280313e-07,0.999415
19348.996,5.8509275e-07,0.99932161
19454.65,4.402445e-07,0.99939466
19644.561,4.6144681e-07,0.99935265
19776.23,1.1689696e-06,0.99931088
19822.842,6.2565627e-07,0.99934589
20077.242,1.0888905e-06,0.99919817
20224.378,9.1470131e-07,0.99927492
20261.705,7.9762747e-07,0.99924339
20397.843,3.9704375e-07,0.99926927
20556.046,3.0520268e-07,0.9988144
20647.798,1.5284034e-07,0.69574505
20692.016,3.5320494e-07,0.99880516
20715.702,3.6559755e-07,0.9983234
20785.93,4.1502571e-07,0.99902881
20875.249,5.0472035e-07,0.99815207
21049.641,3.176708e-07,0.70731498
21130.24,5.1155629e-07,0.99374416
21174.879,5.7070376e-07,0.7026343
21253.612,1.1245375e-06,0.99784882
21288.985,3.475058e-07,0.69542998
21306.524,1.0612003e-06,0.99610397
21497.228,1.3684926e-06,0.99872931
21662.005,4.9647135e-07,0.74920859
21692.943,5.7747579e-07,0.99270532
21783.371,6.3762649e-07,0.74642989
21831.521,9.8553822e-07,0.99745381
21872.834,1.720277e-07,0.7160521
21896.689,2.0160901e-06,0.99774705
22169.074,3.5849095e-07,0.99772342
22187.427,2.1427399e-07,0.91451222
22197.606,3.6203893e-07,0.84112151
22379.391,3.8581638e-07,0.99908425
22511.231,3.9498098e-07,0.75430625
22546.798,3.4391999e-07,0.99405778
22691.097,4.8001115e-07,0.76371663
22729.65,5.2060055e-07,0.77161967
22876.641,3.0566874e-07,0.99516947
22893.041,2.4766154e-07,0.77564398
23003.638,8.1193929e-07,0.81723711
23264.392,2.4456755e-07,0.77542064
23273.598,2.6226566e-07,0.98672473
23349.404,6.3108757e-07,0.81545008
23469.244,7.5267207e-07,0.82891704
23501.948,3.3006029e-07,0.99046731
23521.11,7.864108e-07,0.83386357
23585.888,5.7623559e-07,0.83342896
23614.946,8.6702697e-07,0.81633238
23668.32,2.6432349e-07,0.99603774
23708.682,5.9170247e-07,0.79556782
23797.179,3.1150708e-07,0.94488524
23821.199,3.4644325e-07,0.89309994
23876.99,6.4647213e-07,0.8108905
23996.485,6.3718821e-07,0.83672951
24056.121,4.4730585e-07,0.8431104
24126.456,6.0668316e-07,0.84431203
24152.456,3.2416684e-07,0.98001095
24174.631,6.6544038e-07,0.85616947
24247.933,3.1687126e-07,0.82328026
24341.52,6.2666663e-07,0.82613509
24380.606,5.416194e-07,0.84789344
24413.899,8.2500911e-07,0.85511998
24484.514,3.1767686e-07,0.9964951
24538.25,6.5359249e-07,0.84214961
24628.06,5.1032733e-07,0.82436689
24743.937,5.1907186e-07,0.83713033
24769.197,3.4632057e-07,0.97957835
24784.26,5.6422956e-07,0.84394234
24833.988,4.3590152e-07,0.82059455
24917.987,5.5822511e-07,0.81550951
24961.796,1.4945316e-06,0.85386188
25061.05,6.0879128e-07,0.81207705
25133.976,1.0533018e-06,0.8484203
25195.603,3.590291e-07,0.79875252
25285.84,1.0031031e-06,0.83453852
25330.729,3.4649534e-07,0.82436262
25434.144,6.178413e-07,0.82298896
25558.409,1.1796141e-06,0.82500744
25652.557,4.7586986e-07,0.82220792
25775.275,1.1315881e-06,0.8337398
25782.659,1.1516766e-06,0.84947938
25850.762,4.006029e-07,0.99688882
25868.494,1.1516992e-06,0.8416099
25901.245,3.0925932e-07,0.99792825
25994.532,6.3526949e-07,0.84455038
26096.868,5.3979981e-07,0.8462258
26177.667,3.0023757e-07,0.96514899
26183.735,5.6005501e-07,0.87756781
26220.818,2.8130967e-06,0.81474773
26327.454,3.5347675e-07,0.99820329
26361.95,7.2159168e-07,0.81252054
26552.961,1.2449575e-06,0.84946375
26612.024,3.7640314e-07,0.77985957
26664.888,1.5100401e-06,0.8662948
26745.432,1.8310152e-06,0.81229025
26889.453,1.5276734e-06,0.82801776
26916.85,1.0836162e-06,0.82006303
26938.526,7.3767827e-07,0.98981132
27023.7,1.1553039e-06,0.8393262
27102.318,1.5043284e-06,0.86106236
27125.1,3.224962e-07,0.99830325
27221.547,3.7702561e-07,0.94530709
27232.309,6.925609e-07,0.89602406
27362.192,2.9192459e-07,0.7618955
27438.764,1.017102e-06,0.84129633
27487.478,4.1614595e-06,0.87232704
27637.627,1.916002e-07,0.99763235
27692.644,2.848571e-06,0.8881493
27797.888,3.5805539e-07,0.8243033
27900.37,4.002936e-07,0.86404396
28095.356,6.8200583e-07,0.84113803
28155.322,2.4899524e-07,0.7336683
28284.222,6.5768298e-07,0.77168206
28396.235,5.0918685e-07,0.99465156
28464.889,4.6495371e-07,0.73607278
28598.055,2.4344125e-07,0.6941542
28749.018,7.4294556e-07,0.99806206
28814.841,2.0322716e-06,0.80027322
28867.89,3.5783056e-07,0.76971678
29022.297,3.3155956e-07,0.77307771
29078.354,2.037902e-06,0.79733967
29139.444,2.0106713e-07,0.99499399
29210.618,5.9053721e-07,0.77048086
29318.777,9.4480864e-07,0.82010531
29338.568,4.1884903e-07,0.75971222
29367.78,1.2705601e-06,0.82221591
29449.837,5.7777927e-07,0.8266866
29496.891,9.5300418e-07,0.99643003
29537.98,1.3202308e-06,0.75864064
29576.598,4.5389175e-06,0.85796252
29655.962,7.0687732e-07,0.84340701
29739.691,3.4819281e-06,0.8611239
29796.701,2.1692607e-06,0.86384113
29861.633,1.7104325e-06,0.8555902
29876.911,4.8290733e-06,0.89234365
29901.506,2.5255947e-06,0.882498
29919.752,1.6308121e-06,0.85963994
29993.917,6.5793581e-07,0.88588173
