0.00099152188,2.0544517e-11,0.26932462
0.0012283548,1.2330689e-07,0.94332544
0.0021114777,8.413309e-08,0.97675869
0.0023235577,2.0516011e-09,0.28724827
0.0023845868,5.2267392e-07,0.99639902
0.0031359933,9.4172643e-11,0.14792138
1144.3322,1.3254101e-10,0.13775958
1144.8839,1.4151159e-10,0.13633632
1877.5465,3.3414951e-10,0.17295509
2346.1938,4.3292676e-10,0.16652187
2983.9598,7.8039873e-10,0.19892429
4021.5441,1.346447e-09,0.22170849
4026.2818,1.0172568e-09,0.22157411
4526.488,2.8651307e-09,0.21798632
4529.6542,5.2945097e-10,0.21942314
6826.8961,2.6167354e-09,0.26451063
6830.2291,2.8987918e-09,0.26264876
6970.9783,2.9017732e-09,0.25243998
6972.9271,3.0956861e-09,0.24919581
7018.1625,2.6495709e-09,0.25516558
7595.9345,1.5996644e-07,0.99993264
7611.1246,2.7129585e-07,0.99993773
8861.2282,4.419976e-09,0.27728559
9149.5826,1.2426034e-07,0.99984952
9154.7121,4.2994231e-07,0.99981479
9583.9767,4.3113801e-09,0.27148247
9997.0047,5.3361401e-09,0.28058549
10296.246,3.9783797e-09,0.290598
10504.435,9.090538e-09,0.28214848
10514.66,1.253277e-09,0.28134515
10631.939,2.358293e-07,0.99982834
11310.987,2.8807365e-07,0.99978908
11314.38,2.2361492e-07,0.99957549
12058.084,6.3842199e-09,0.28791177
12070.46,6.0249899e-09,0.28722577
12225.56,5.5616732e-07,0.99960148
12254.116,3.0172796e-07,0.99947293
12483.214,3.3355834e-07,0.99917921
12600.017,3.4795602e-07,0.99911129
12639.631,3.6640248e-07,0.99899099
12685.016,4.8491618e-07,0.99508827
12721.781,4.9085376e-07,0.99431365
12731.783,9.1742887e-08,0.53986564
12734.771,4.0526242e-08,0.44989961
12742.903,2.6886755e-07,0.8945646
12744.837,2.1602387e-07,0.72049735
12775.129,5.1031317e-07,0.97804645
12878.687,2.1264454e-07,0.99923287
13038.571,4.0392638e-07,0.99958305
13051.612,3.5195779e-07,0.99937053
13147.279,3.3777104e-07,0.99960883
13223.886,4.6614607e-07,0.99957352
13356.045,2.5250676e-07,0.99953334
13418.148,2.9699227e-07,0.99948564
13427.111,3.6550874e-07,0.99938272
13437.191,4.0016072e-07,0.99954414
13453.474,2.7212962e-07,0.99959157
13467.122,3.7151206e-07,0.99932664
13551.849,3.0642662e-07,0.99941906
13553.243,6.4633217e-07,0.99900985
13565.537,4.9324565e-07,0.99945784
13616.998,9.0084017e-07,0.99908626
13713.097,4.2293176e-07,0.99871276
13737.153,5.2434595e-07,0.99862753
13916.081,5.1267644e-09,0.2757299
13920.721,2.2141744e-09,0.26953158
14125.769,3.326816e-09,0.26290785
14881.119,6.0361187e-09,0.26896825
14886.054,4.1596569e-09,0.27035458
15307.934,4.7304743e-09,0.25072462
15529.838,7.2450096e-09,0.2677299
15549.553,5.0446007e-09,0.28838483
15565.598,3.0828009e-07,0.98842309
15604.439,3.3451607e-07,0.99619638
16648.027,2.6341254e-09,0.24118189
16994.753,4.0675378e-07,0.99910545
17037.567,1.9825126e-07,0.99924101
17216.632,3.1644923e-09,0.23539836
17460.464,3.4233001e-07,0.99931828
17793.159,2.1740938e-07,0.99928944
17811.946,2.6656952e-07,0.99926931
18098.018,1.3303957e-07,0.99934641
18129.234,5.2706177e-07,0.99934807
18206.981,2.3974932e-07,0.99935803
18228.271,1.8917377e-07,0.99935624
18397.886,3.2758193e-07,0.99935504
18422.678,1.4342094e-07,0.99938095
18443.075,2.6852281e-07,0.99937631
18454.047,1.9557116e-07,0.9993813
18466.984,7.3057241e-07,0.99934958
18567.625,1.2589862e-07,0.99938297
18587.472,2.5927995e-07,0.99937627
18596.63,2.6166616e-07,0.99936716
18625.069,2.4300594e-07,0.99944143
18639.7,2.7239488e-07,0.99939824
18679.409,7.6192923e-07,0.99936472
18747.503,4.1935895e-07,0.99936206
18761.507,3.0590301e-07,0.9993803
18796.14,1.4071615e-07,0.99940698
18859.593,3.5133424e-07,0.99936724
18896.743,4.987909e-07,0.99942189
18977.13,5.9106445e-07,0.99941519
18982.784,2.6578679e-07,0.9994455
19062.711,2.8944663e-07,0.99940652
19085.414,3.3852595e-07,0.99941018
19132.602,6.1293716e-07,0.99938285
19146.079,2.4818477e-07,0.99939931
19172.31,3.247726e-07,0.99940657
19206.399,3.8349041e-07,0.99936719
19233.296,5.1343227e-07,0.99940882
19247.864,3.6790106e-07,0.99939487
19275.766,6.2996954e-07,0.99938761
19287.077,2.7387955e-07,0.99940364
19303.669,4.1650061e-07,0.9994016
19312.091,3.5331206e-07,0.99937173
19323.308,4.1328442e-07,0.99938707
19354.891,8.3737084e-07,0.99939058
19374.156,4.0543173e-07,0.99938753
19393.06,6.2563422e-07,0.99939783
19427.966,8.3435968e-07,0.99938717
19442.256,5.3893546e-07,0.9993906
19450.01,5.8847928e-07,0.99937203
19488.915,4.8023035e-07,0.99938052
19497.163,6.9488973e-07,0.99939043
19519.273,4.4796049e-07,0.99938935
19548.207,4.4367886e-07,0.99937845
19562.548,4.7890356e-07,0.99937897
19586.23,5.5031197e-07,0.99937873
19601.39,1.2415972e-06,0.99937798
19634.666,1.6704685e-06,0.99936695
20625.958,5.2899697e-07,0.99943565
20678.442,3.1513874e-07,0.999432
21508.265,5.8015072e-08,0.63219511
22189.404,2.7265396e-07,0.99869606
22219.846,1.0567154e-07,0.63029205
22260.081,2.1408475e-08,0.63123848
22309.124,2.8490187e-07,0.99843535
22672.215,9.9233646e-08,0.66013969
22752.707,2.5111406e-07,0.99743629
22788.293,1.5366882e-07,0.62282699
22809.935,6.1875192e-08,0.62372844
22820.83,3.0891001e-07,0.99632112
22986.934,8.1883174e-08,0.6231517
23464.295,3.1887037e-07,0.9993132
23544.491,2.8096615e-07,0.99917743
23618.01,1.7799185e-07,0.99909943
24010.281,2.6048741e-07,0.66769524
24040.176,1.7308857e-07,0.66888245
24059.249,1.668417e-07,0.67092572
24068.759,3.4351553e-07,0.69152597
24127.371,5.4009827e-07,0.99871057
24157.439,4.0386542e-07,0.99848592
24167.208,4.8384032e-07,0.99873254
24196.92,5.4549626e-07,0.99918552
24336.693,1.0963714e-07,0.65980231
24696.571,1.2877713e-07,0.614421
24756.114,4.7504998e-08,0.60431234
25022.745,5.2092189e-07,0.99920821
25176.655,3.8721238e-07,0.99933651
25310.731,1.3024839e-07,0.61215741
25412.19,3.3267347e-08,0.59684423
25641.794,1.2780785e-07,0.6533432
25878.012,5.0799212e-07,0.77572455
25993.361,4.0956511e-07,0.7430247
26200.424,1.013e-06,0.76358694
26316.095,3.966997e-07,0.75934308
26595.265,7.2983608e-07,0.73555601
26638.983,2.4395845e-07,0.73169307
26702.404,5.3464617e-07,0.99840409
26839.393,6.2773713e-07,0.85352384
26843.175,6.1044723e-07,0.99125213
26849.9,3.5189122e-07,0.99271088
26951.389,8.3450681e-07,0.80493297
26978.784,4.724237e-07,0.81200244
27039.895,5.8318661e-07,0.84444423
27085.716,4.7823995e-07,0.8344669
27151.921,5.1035781e-07,0.84925026
27234.691,6.9756817e-07,0.89661527
27358.73,4.6814087e-07,0.99319566
27364.517,1.1556617e-06,0.90247833
27456.476,8.7395811e-07,0.85665944
27510.255,5.695671e-07,0.85114228
27549.489,1.1895798e-06,0.87312071
27604.697,6.9939529e-07,0.86256836
27616.547,7.1092527e-07,0.87868389
27668.056,8.0319082e-07,0.85398987
27671.808,6.5778306e-07,0.84788268
27726.029,4.633203e-07,0.85946718
27752.672,5.5612878e-07,0.88269084
27779.294,4.429205e-07,0.92030263
27790.031,3.7549113e-07,0.95640778
27794.607,6.4788987e-07,0.84700454
27831.361,3.3128595e-07,0.99369292
27885.622,4.8691506e-07,0.85961234
27940.549,5.7635324e-07,0.83493442
27964.579,5.1400849e-07,0.85492787
27987.785,3.960063e-07,0.81720873
28034.249,6.8000505e-07,0.99712866
28052.224,2.302914e-07,0.99062173
28065.876,1.2811679e-07,0.68719973
28084.208,4.5069443e-07,0.82767635
28109.745,5.5255497e-07,0.82445359
28191.943,7.1077913e-07,0.81459995
28266.187,4.2885439e-07,0.81451882
28298.151,2.3025676e-07,0.81951837
28341.299,3.236781e-07,0.80391032
28408.301,4.3318358e-07,0.99764551
28461.546,4.3047814e-07,0.80534646
28504.467,3.4787046e-07,0.7996405
28629.388,3.7852017e-07,0.8180833
28745.754,4.2510117e-07,0.85798161
28755.41,2.9638226e-07,0.90411048
28775.587,3.5277041e-07,0.91762254
28907.225,4.9287031e-07,0.8399618
29007.946,6.8302575e-07,0.85124789
29116.825,4.3010571e-07,0.7816593
29261.865,9.4795684e-08,0.71889571
29281.237,3.8203854e-07,0.77083402
29479.304,5.7468293e-07,0.83087772
29504.188,4.9412503e-07,0.80359391
29607.771,2.7831017e-07,0.82795412
29632.474,2.8851887e-07,0.82627528
29724.99,8.2552301e-08,0.70700721
29771.539,1.2364883e-06,0.86452495
29943.314,2.267503e-07,0.68493402
