7.949641229439355231e-04 2.323557700000000205e-03
8.121315544163475826e-04 2.384586800000000010e-03
2.249210991083131113e-03 3.135993300000000216e-03
7.401694492561061452e+03 7.595934500000000298e+03
7.401694492561256993e+03 7.611124600000000100e+03
8.902451720388924514e+03 9.149582599999999729e+03
8.902451720389133698e+03 9.154712100000000646e+03
1.035498451077044410e+04 1.063193900000000031e+04
1.078165579151298152e+04 1.131098699999999917e+04
1.101897280355950170e+04 1.131437999999999920e+04
1.212736596066754828e+04 1.222555999999999949e+04
1.212736596066777020e+04 1.225411599999999999e+04
1.222947047835313242e+04 1.248321399999999994e+04
1.242665571585140606e+04 1.260001699999999983e+04
1.242665571585159341e+04 1.263963099999999940e+04
1.254730758936366510e+04 1.268501599999999962e+04
1.263745509430142920e+04 1.272178100000000086e+04
1.263745509430144921e+04 1.273178299999999945e+04
1.265450095300755311e+04 1.274290300000000025e+04
1.265450095300772773e+04 1.274483699999999953e+04
1.292349658992915829e+04 1.277512900000000081e+04
1.305283425820452248e+04 1.287868699999999990e+04
1.305283425820489356e+04 1.303857099999999991e+04
1.307003060313097376e+04 1.305161199999999917e+04
1.324264129322273038e+04 1.314727900000000045e+04
1.336022362529709244e+04 1.322388600000000042e+04
1.339001263482349168e+04 1.335604500000000007e+04
1.339001263482369541e+04 1.341814799999999923e+04
1.347960873933515359e+04 1.342711100000000079e+04
1.347960873933525545e+04 1.343719100000000071e+04
1.356984513413454079e+04 1.345347400000000016e+04
1.362591684255356995e+04 1.346712199999999939e+04
1.362856778419188049e+04 1.355184900000000016e+04
1.362856778419221882e+04 1.355324300000000039e+04
1.365396600220468463e+04 1.356553700000000026e+04
1.378538324659530372e+04 1.361699799999999959e+04
1.378538324659541649e+04 1.371309699999999975e+04
1.531516881430306239e+04 1.373715300000000025e+04
1.531516881430316243e+04 1.556559799999999996e+04
1.687819011146553748e+04 1.560443900000000031e+04
1.687819011146565026e+04 1.699475300000000061e+04
1.745301530757204819e+04 1.703756699999999910e+04
1.773774242192663587e+04 1.746046399999999994e+04
1.775253339804324060e+04 1.779315899999999965e+04
1.806998857000069256e+04 1.781194599999999991e+04
1.806998857000069620e+04 1.809801800000000003e+04
1.820713156377062478e+04 1.812923400000000038e+04
1.820713156377063206e+04 1.820698099999999977e+04
1.838379105278358111e+04 1.822827100000000064e+04
1.838379105278362113e+04 1.839788599999999860e+04
1.843308617584875901e+04 1.842267799999999988e+04
1.844506741954764584e+04 1.844307500000000073e+04
1.844506741954782410e+04 1.845404699999999866e+04
1.847787423238198608e+04 1.846698400000000038e+04
1.854611183642795368e+04 1.856762500000000000e+04
1.857884264749668728e+04 1.858747200000000157e+04
1.857884264749673457e+04 1.859663000000000102e+04
1.858057784203371557e+04 1.862506899999999951e+04
1.858356124068098507e+04 1.863970000000000073e+04
1.868682968364830595e+04 1.867940899999999965e+04
1.868682968364835688e+04 1.874750300000000061e+04
1.876023645587701685e+04 1.876150700000000143e+04
1.879171309827521691e+04 1.879613999999999942e+04
1.879171309827542427e+04 1.885959300000000076e+04
1.893659765951406371e+04 1.889674299999999857e+04
1.893659765951411100e+04 1.897713000000000102e+04
1.894276242126175930e+04 1.898278399999999965e+04
1.894276242126180296e+04 1.906271099999999933e+04
1.897888945195851193e+04 1.908541400000000067e+04
1.903107125555228413e+04 1.913260199999999895e+04
1.903617752201103940e+04 1.914607900000000154e+04
1.903617752201111580e+04 1.917231000000000131e+04
1.905654516289577441e+04 1.920639900000000125e+04
1.906276258725276057e+04 1.923329599999999846e+04
1.906276258725280786e+04 1.924786400000000140e+04
1.911595833069052969e+04 1.927576599999999962e+04
1.911595833069056243e+04 1.928707700000000114e+04
1.912831518884282559e+04 1.930366900000000169e+04
1.912831518884291654e+04 1.931209100000000035e+04
1.914523914273856644e+04 1.932330800000000090e+04
