3.332121634118322476e-03 2.808945599999999876e-02
2.820506302718680061e-04 6.687002000000000224e-02
1.646689243514444729e-03 9.303745200000000659e-02
7.595103224533689172e+03 7.669554699999999684e+03
7.595103224533754656e+03 7.694573800000000119e+03
8.991331212888164373e+03 9.064873299999999290e+03
8.991331212888322625e+03 9.065856999999999971e+03
9.982497177907458536e+03 1.032668800000000010e+04
1.016264309250635597e+04 1.034595900000000074e+04
1.016264309250651422e+04 1.042382300000000032e+04
1.024146753951665050e+04 1.048118699999999990e+04
1.042866282010734176e+04 1.060232599999999911e+04
1.055504619110447493e+04 1.068043200000000070e+04
1.055504619110478052e+04 1.070323199999999997e+04
1.083122722113766031e+04 1.082659499999999935e+04
1.088951182783198965e+04 1.093790699999999924e+04
1.090643401458871085e+04 1.096490600000000086e+04
1.103563500980366734e+04 1.097049599999999919e+04
1.103563500980373101e+04 1.101469399999999951e+04
1.110114668989244456e+04 1.106679600000000028e+04
1.110114668989247184e+04 1.110815099999999984e+04
1.132851619826746355e+04 1.116084799999999996e+04
1.132851619826756178e+04 1.120317400000000089e+04
1.133570460418843504e+04 1.125527399999999943e+04
1.144888188507011000e+04 1.141806099999999969e+04
1.153700485563333677e+04 1.145189199999999983e+04
1.179967455254510787e+04 1.160687800000000061e+04
1.179967455254516790e+04 1.163268200000000070e+04
1.188407264485509950e+04 1.168335499999999956e+04
1.189065216814039195e+04 1.172575799999999981e+04
1.190446990295046817e+04 1.174420199999999932e+04
1.190446990295064279e+04 1.179671899999999914e+04
1.208553157623072002e+04 1.188131099999999969e+04
1.208553157623084735e+04 1.189364600000000064e+04
1.210233222656129146e+04 1.194069599999999991e+04
1.210233222656131511e+04 1.200502599999999984e+04
1.221855707588777113e+04 1.206646600000000035e+04
1.457511234871928173e+04 1.464023199999999997e+04
1.457511234871929992e+04 1.466754500000000007e+04
1.571390311214079702e+04 1.571090699999999924e+04
1.571390311214083886e+04 1.575582899999999972e+04
1.612263239401989813e+04 1.607893300000000090e+04
1.631337730988957264e+04 1.628189400000000023e+04
1.632731043045041042e+04 1.630054000000000087e+04
1.652363391745306944e+04 1.645027500000000146e+04
1.652363391745323315e+04 1.649648300000000017e+04
1.661813782667052874e+04 1.657113000000000102e+04
1.661813782667074338e+04 1.658217199999999866e+04
1.673441440280987445e+04 1.665738300000000163e+04
1.673441440280992538e+04 1.668215999999999985e+04
1.676375641172556061e+04 1.671222999999999956e+04
1.677339959351537254e+04 1.671773300000000017e+04
1.677339959351557263e+04 1.672548300000000017e+04
1.683243462611870928e+04 1.678084899999999834e+04
1.683819754208211452e+04 1.680231699999999910e+04
1.685959947420054232e+04 1.682058199999999852e+04
1.685959947420064054e+04 1.684340999999999985e+04
1.686404640845371250e+04 1.685497899999999936e+04
1.691985397395547989e+04 1.691514900000000125e+04
1.693117079700058093e+04 1.692643100000000049e+04
1.693117079700069735e+04 1.695506699999999910e+04
1.698081163331218704e+04 1.696183599999999933e+04
1.700507910784846899e+04 1.698684800000000178e+04
1.700507910784851629e+04 1.705654799999999886e+04
1.710388233363765903e+04 1.707785199999999895e+04
1.710388233363766631e+04 1.712224399999999878e+04
1.712629323206392655e+04 1.715774399999999878e+04
1.715020683883072343e+04 1.716804999999999927e+04
1.715020683883090896e+04 1.720598199999999997e+04
1.716099752571088175e+04 1.721778800000000047e+04
1.717810276984932352e+04 1.724908699999999953e+04
1.718211137897162916e+04 1.726392599999999948e+04
1.718211137897177105e+04 1.726630299999999988e+04
1.719944493942112240e+04 1.727029100000000108e+04
1.719944493942122790e+04 1.728636699999999837e+04
1.722190902840635681e+04 1.730029400000000169e+04
1.722190902840645867e+04 1.731389600000000064e+04
1.722475688486544823e+04 1.732539199999999983e+04
1.722475688486555009e+04 1.733481399999999849e+04
1.723379801325375956e+04 1.736108099999999831e+04
